1000 1000
50
1
Resources/Images/Tiles/tiles50.png
1 0 0 0 50 0 0
1 1 0 0 50 0 0
1 2 0 0 50 0 0
1 3 0 0 0 0 0
1 4 0 50 0 0 0
1 5 0 100 0 0 0
1 6 0 150 0 0 0
2 0 0 0 50 0 0
2 1 0 0 50 0 0
2 2 0 0 50 0 0
2 3 0 0 0 0 0
2 4 0 50 0 0 0
2 5 0 100 0 0 0
2 6 0 150 0 0 0
3 0 0 0 50 0 0
3 1 0 0 50 0 0
3 2 0 0 50 0 0
3 3 0 0 0 0 0
3 4 0 50 0 0 0
3 5 0 100 0 0 0
3 6 0 150 0 0 0
4 0 0 0 0 0 0
4 1 0 0 0 0 0
4 2 0 0 0 0 0
4 3 0 0 0 1 0
4 3 0 0 50 0 1
4 4 0 50 0 0 0
4 5 0 100 0 0 0
4 6 0 150 0 0 0
5 0 0 50 0 0 0
5 1 0 50 0 0 0
5 2 0 50 0 0 0
5 3 0 50 0 0 0
5 4 0 50 0 1 0
5 4 0 0 50 0 1
5 5 0 100 0 0 0
5 6 0 150 0 0 0
6 0 0 100 0 0 0
6 1 0 100 0 0 0
6 2 0 100 0 0 0
6 3 0 100 0 0 0
6 4 0 100 0 0 0
6 5 0 100 0 0 0
6 5 0 0 50 0 1
6 6 0 150 0 0 0
7 0 0 150 0 0 0
7 1 0 150 0 0 0
7 2 0 150 0 0 0
7 3 0 150 0 0 0
7 4 0 150 0 0 0
7 5 0 150 0 0 0
7 6 0 150 0 0 0
7 6 0 0 50 0 1
